filename    class
000005 9
000007 7 
000009 13 15 
000012 7 
000016 2 
000017 15 13 
000019 8 
000020 7 
000021 12 15 
000023 2 15 
000024 19 
000026 7 
000030 2 15 
000032 1 15 
000033 1 
000034 19 
000035 15 11 
000036 12 
000039 20 
000041 20 15 
000042 19 
000044 9 8 
000046 3 
000047 7 9 
000048 3 15 
000050 9 5 15 
000051 14 15 
000052 16 
000060 7 
000061 4 
000063 12 9 
000064 3 
000065 12 
000066 15 
000072 14 
000073 16 4 15 
000077 8 
000078 12 
000081 18 15 
000083 7 15 
000089 15 9 
000091 7 
